Date_Time(GMT),Station_ID,Depth(m),Temp(deg C),Salinity(ppt),Oxygen(micromol/l),pH,Alkalinity(meq/kg),NH4(nmol/l),NO2(micromol/l),NO3(micromol/l),SiOH4(micromol/l),PO4(micromol/l),Chl_a(microgr/l),Pheo(microgr/l),POC(microgr/l)
16/01/12 07:25,A,80,21.6701,40.759,209.1,8.198,2.5106,26,.267,1.081,.955,.075,.225,,35
16/01/12 07:25,A,100,21.6732,40.7584,210.07,8.201,2.5092,15.28,.266,1.09,1.02,.07,.232,,
16/01/12 07:25,A,120,21.6754,40.7589,209.41,8.186,,6.8,.263,1.05,.953,.075,.238,,
16/01/12 07:25,A,140,21.6779,40.7586,209.07,8.193,,17.27,.271,1.052,.945,.075,.244,,
16/01/12 07:25,A,160,21.6823,40.7592,209.03,8.193,,5.98,.271,1.129,.961,.077,.24,,
16/01/12 07:25,A,180,21.686,40.759,210.2,8.204,,3.99,.27,1.133,.946,.074,.222,,
16/01/12 07:25,A,200,21.6914,40.7598,208.75,8.208,2.5097,6.33,.271,1.079,.943,.073,.227,,43
16/01/12 07:25,A,250,21.7013,40.7596,209.4,8.191,,10.41,.271,1.105,.952,.071,.213,,
16/01/12 07:25,A,300,21.7105,40.7598,209.93,8.199,2.5098,27.08,.267,1.146,.939,.076,.221,,
16/01/12 07:25,A,350,21.7163,40.758,209.13,,,138.59,.266,1.103,1.018,.078,.239,,
16/01/12 07:25,A,400,21.6969,40.7597,208.13,8.189,2.5085,21.68,.25,1.254,1.019,.08,.064,,35
16/01/12 08:58,A,0,21.6551,40.7582,209.61,8.188,2.5103,37.48,.274,1.189,.974,.101,.268,,42
16/01/12 08:58,A,20,21.6584,40.7578,211.65,8.189,2.5094,20.76,.251,1.076,.964,.09,.266,,39
16/01/12 08:58,A,40,21.6621,40.7575,209.28,8.192,2.5104,21.13,.266,1.04,.955,.078,.25,,54
16/01/12 08:58,A,60,21.664,40.7569,209.41,8.192,2.5088,26.9,.267,1.112,.95,.081,.278,,38
16/01/12 10:25,A,450,21.5793,40.7613,195.48,8.174,,31.23,.259,2.657,1.601,.163,,,
16/01/12 10:25,A,500,21.0723,40.7121,169.57,8.144,2.4984,22.31,.082,5.83,2.983,.308,,,
16/01/12 10:25,A,525,21.0558,40.7119,169.52,8.157,,,.072,5.682,3.028,.308,,,
16/01/12 10:25,A,550,21.0531,40.713,168.75,8.15,,18.51,.085,5.641,3.054,.311,,,
16/01/12 10:25,A,575,21.0495,40.7157,169.1,8.155,,,.084,5.574,3.138,.308,,,
16/01/12 10:25,A,600,21.0452,40.7157,169.23,8.158,2.4975,16.93,.059,5.713,3.138,.311,,,21
16/01/12 10:25,A,625,21.0369,40.7177,170.31,8.151,,,.079,5.57,3.216,.315,,,
16/01/12 10:25,A,650,21.0418,40.7175,170.39,8.155,,18.5,.082,5.539,3.243,.316,,,
16/01/12 10:25,A,675,21.0462,40.7173,170.78,8.149,,,.066,5.631,3.258,.309,,,
16/01/12 10:25,A,700,21.0493,40.718,169.64,8.156,2.4957,19.34,.095,5.566,3.267,.313,,,
07/03/12 06:21,A,80,24.0812,40.6136,212.43,8.186,2.5015,13.91,.054,0,.541,.015,.464,,72
07/03/12 06:21,A,100,23.5609,40.6352,207.18,8.188,2.5018,16.23,.188,.766,.542,.055,.121,,55
07/03/12 06:21,A,120,22.8647,40.6209,197.52,8.167,,7.74,.042,1.821,.602,.099,.022,,
07/03/12 06:21,A,140,21.3605,40.7003,195.26,8.164,,18.86,.017,2.249,.778,.118,0,,32
07/03/12 06:21,A,160,21.3354,40.7073,192.63,8.152,,27.93,.014,2.881,1.25,.163,,,
07/03/12 06:21,A,180,21.1491,40.7219,191.28,8.156,,35.19,.008,3.515,1.601,.188,,,
07/03/12 06:21,A,200,21.0407,40.7142,188.69,8.134,2.5025,22.16,.02,3.964,1.909,.229,,,39
07/03/12 06:21,A,250,20.9883,40.7239,188.4,8.137,,71.77,.015,4.294,2.11,.243,,,
07/03/12 06:21,A,300,20.9885,40.7278,190.01,8.157,2.5018,74.41,.012,4.292,2.132,.236,,,
07/03/12 06:21,A,350,20.9948,40.73,189.73,8.154,,55.14,.022,4.118,2.185,.231,,,
07/03/12 06:21,A,400,21.0014,40.7319,189.75,8.131,2.5005,56.51,.025,3.99,2.204,.239,,,30
07/03/12 07:57,A,0,25.748,40.6469,210.36,8.2,2.5061,13.33,.004,.001,.631,.02,.114,,46
07/03/12 07:57,A,20,25.2862,40.6158,211.7,8.21,2.5023,15.54,.008,.014,.616,.017,.146,,37
07/03/12 07:57,A,40,25.0814,40.6392,216.07,8.19,2.507,59.71,.014,.01,.505,.009,.218,,43
07/03/12 07:57,A,60,24.3438,40.6456,216.28,8.196,2.5031,42.97,.014,.012,.503,.018,.343,,53
07/03/12 08:58,A,450,21.0097,40.724,190.55,8.138,,34.19,.003,3.965,2.19,.239,,,
07/03/12 08:58,A,500,21.0176,40.7253,192.59,8.139,2.5026,24.44,.013,3.833,2.173,.226,,,
07/03/12 08:58,A,525,21.0216,40.725,191.7,8.142,,,.016,3.728,2.167,.224,,,
07/03/12 08:58,A,550,21.0259,40.7253,193.82,8.137,,31.41,.018,3.679,2.108,.22,,,
07/03/12 08:58,A,575,21.0303,40.7097,194.07,8.145,,,.029,3.779,2.113,.216,,,
07/03/12 08:58,A,600,21.0346,40.7089,194.24,8.14,2.506,25.97,.014,3.808,2.088,.218,,,33
07/03/12 08:58,A,625,21.0393,40.7072,195.25,8.157,,,.029,3.702,2.103,.204,,,
07/03/12 08:58,A,650,21.044,40.7018,194.89,8.157,,32.34,.031,3.55,2.094,.21,,,
07/03/12 08:58,A,675,21.0476,40.7268,199.58,8.156,,,.034,3.593,2.105,.206,,,
07/03/12 08:58,A,700,21.0508,40.7411,196.53,8.156,2.507,46.84,.023,3.674,2.209,.212,,,37
07/03/12 08:58,A,719,21.0508,40.7408,196.37,8.162,2.5072,31.38,.034,3.84,2.284,.223,,,26
13/03/12 08:12,A,0,20.9866,40.7405,208.33,8.171,2.5055,23.18,.205,2.158,1.293,.142,.233,,32
13/03/12 08:12,A,20,20.982,40.7406,208.63,8.165,2.5066,18.99,.205,2.163,1.292,.142,.244,,34
13/03/12 08:12,A,40,20.9814,40.7408,208.47,8.177,2.5047,19.97,.217,2.154,1.22,.141,.278,,42
13/03/12 08:12,A,60,20.9828,40.7408,208.68,8.169,2.5063,25.76,.217,2.143,1.22,.142,.276,,36
13/03/12 08:12,A,80,20.9865,40.7406,207.14,8.166,2.5065,33.38,.218,2.109,1.277,.142,.278,,44
13/03/12 08:12,A,100,20.9902,40.7405,208.31,8.165,2.5068,27.76,.218,2.122,1.281,.142,.274,,39
13/03/12 08:12,A,120,20.9933,40.7405,,8.167,,39.77,.232,2.169,1.283,.143,.222,,
13/03/12 08:12,A,140,20.9895,40.7379,206.19,8.168,,48.09,.229,2.13,1.278,.144,.202,,37
13/03/12 08:12,A,160,20.9961,40.7384,207.17,8.163,,36.02,.224,2.159,1.282,.142,.172,,
13/03/12 08:12,A,180,21.0003,40.7392,208.66,,,49.83,.237,2.14,1.305,.139,.216,,
13/03/12 08:12,A,200,21.0048,40.739,208.07,8.167,2.5057,,.218,2.169,1.296,.14,.21,,43
13/03/12 12:18,A,250,21.0081,40.7371,207.42,8.16,,21.86,.228,2.201,1.296,.137,.098,,
13/03/12 12:18,A,300,21.0178,40.7372,206.85,8.159,2.5057,34.07,.221,2.215,1.277,.133,.129,,
13/03/12 12:18,A,350,21.0291,40.7377,206.61,8.165,,47.32,.221,2.205,1.295,.131,.145,,
13/03/12 12:18,A,400,21.0369,40.7371,206.45,8.162,2.5087,35.87,.228,2.191,1.27,.129,.145,,38
13/03/12 12:18,A,449,21.0462,40.7374,207.53,8.177,,21.28,.227,2.221,1.261,.126,.144,,
13/03/12 12:18,A,500,21.0506,40.7367,205.79,8.183,2.5059,29.48,.24,2.21,1.265,.124,.128,,
13/03/12 12:18,A,550,21.051,40.7352,205.81,8.174,,22.36,.24,2.178,1.268,.127,.107,,
13/03/12 12:18,A,600,21.0606,40.7347,205.98,8.175,2.5015,16.39,.264,2.151,1.268,.127,.107,,35
13/03/12 12:18,A,650,21.0674,40.7344,206.31,,,28.94,.263,2.191,1.281,.124,.109,,
13/03/12 12:18,A,700,21.0779,40.7349,206.99,8.164,2.5085,21.09,.263,2.159,1.274,.125,.11,,31
13/03/12 12:18,A,757,21.0886,40.7343,206.47,8.165,2.5094,,.259,2.174,1.296,.126,.105,,24
16/04/12 11:20,A,80,20.9828,40.7054,198.86,8.161,2.5041,32.98,.368,2.809,1.877,.13,.037,,40
16/04/12 11:20,A,100,20.9821,40.708,199.41,8.152,2.5025,12.71,.326,2.893,1.9,.122,.026,,39
16/04/12 11:20,A,120,20.9715,40.7094,196.86,8.157,,14.89,.149,3.384,2.174,.139,.013,,
16/04/12 11:20,A,140,20.9657,40.7105,194.11,8.158,,13.01,.153,3.475,2.264,.143,.006,,
16/04/12 11:20,A,160,20.9662,40.7136,193.72,8.148,,21.01,.143,3.53,2.288,.153,0,,
16/04/12 11:20,A,180,20.9667,40.7137,196.47,8.155,,25.46,.138,3.56,2.277,.152,0,,
16/04/12 11:20,A,200,20.971,40.7145,193.28,8.157,2.5024,52.71,.143,3.556,2.263,.151,,,24
16/04/12 11:20,A,250,20.9812,40.7201,196.01,8.164,,24.07,.143,3.49,2.175,.144,,,
16/04/12 11:20,A,300,20.9843,40.7272,196.12,8.157,2.5043,28.86,.135,3.293,2.091,.141,,,
16/04/12 11:20,A,350,20.9979,40.7376,199.94,8.166,,34.97,.136,3.018,2.073,.159,,,
16/04/12 11:20,A,400,20.9991,40.7413,201.13,8.173,2.507,-5.83,.136,2.981,2.045,.157,,,23
16/04/12 12:26,A,0,21.8379,40.7223,224.13,8.2,2.507,83.04,.035,.011,.268,.011,.364,,106
16/04/12 12:26,A,20,21.1519,40.6767,209.09,8.171,2.5076,134.3,.565,1.205,1.1,.07,.25,,64
16/04/12 12:26,A,40,21.02,40.6878,204.84,8.151,2.5059,35.36,.576,2.185,1.545,.102,.081,,37
16/04/12 12:26,A,60,20.9897,40.6995,196.48,8.164,2.5042,32.1,.419,2.569,1.746,.122,.066,,35
16/04/12 13:20,A,450,20.9987,40.7423,203.11,8.167,,46.17,.068,3.108,2.003,.154,,,
16/04/12 13:20,A,500,21.0063,40.7438,202.07,,2.508,18.47,.054,3.009,2.011,.154,,,
16/04/12 13:20,A,525,21.0109,40.7438,204.23,8.17,,,.048,2.987,2.006,.151,,,
16/04/12 13:20,A,550,21.0148,40.7436,203.39,8.174,,22.02,.059,3.017,1.991,.15,,,
16/04/12 13:20,A,575,21.0197,40.7439,201.81,8.168,,,.052,3.036,1.995,.151,,,
16/04/12 13:20,A,600,21.0245,40.7443,201.76,8.171,2.5084,27.31,.049,3.043,1.99,.15,,,17
16/04/12 13:20,A,625,21.0293,40.7442,202.42,8.164,,,.05,2.985,2.003,.153,,,
16/04/12 13:20,A,650,21.0342,40.7446,203.56,8.168,,19.04,.04,2.936,2.012,.153,,,
16/04/12 13:20,A,675,21.0387,40.7448,203.24,8.169,,,.037,2.928,2.123,.152,,,
16/04/12 13:20,A,700,21.0414,40.7453,202.22,8.168,2.5074,22.3,.042,2.923,2.215,.157,,,18
16/04/12 13:20,A,720,21.0417,40.7471,203.62,8.172,2.507,225.39,.05,2.892,2.215,.157,,,25
13/05/12 06:45,A,80,21.9806,40.6074,215.45,8.19,2.5029,,.294,.028,.39,.053,,,
13/05/12 06:45,A,100,21.8581,40.6428,210.39,8.189,2.5073,,.221,.045,.423,.056,.283,,
13/05/12 06:45,A,120,21.5921,40.7097,206.68,8.176,,,.531,.198,.66,.061,.084,,
13/05/12 06:45,A,140,21.4473,40.7131,205.5,8.173,,,.387,.949,.971,.081,.032,,
13/05/12 06:45,A,160,21.2028,40.7174,200.34,8.169,,,.216,2.484,1.418,.113,0,,
13/05/12 06:45,A,180,21.0606,40.7113,197.04,8.161,,,.044,3.511,1.813,.169,0,,
13/05/12 06:45,A,200,21.0214,40.7158,195.94,8.166,2.5017,,.06,3.653,1.897,.178,,,
13/05/12 06:45,A,250,20.9948,40.7217,192.92,8.163,,,.021,3.968,2.088,.19,,,
13/05/12 06:45,A,300,20.9924,40.7259,193.84,8.158,2.5062,,.038,4.035,2.174,.197,,,
13/05/12 06:45,A,350,20.9957,40.7294,195.37,8.16,,,.038,3.865,2.07,.194,,,
13/05/12 06:45,A,400,21.0032,40.7317,194.46,8.159,2.5034,,.045,3.848,2.068,.192,,,
13/05/12 06:45,A,450,21.0116,40.7338,196.48,8.164,,,.05,3.792,2.034,.19,,,
13/05/12 08:10,A,0,22.8257,40.6101,232.38,8.209,2.5079,,.016,.058,.351,.052,.542,,
13/05/12 08:10,A,20,22.6811,40.601,228.19,8.212,2.5059,,.046,.025,.382,.053,.653,,
13/05/12 08:10,A,40,22.413,40.5733,225.07,8.207,2.5039,,.077,.036,.394,.049,.602,,
13/05/12 08:10,A,60,22.3125,40.5918,219.32,8.195,2.5044,,.075,.138,.393,.053,.834,,
13/05/12 08:35,A,500,21.0186,40.7366,198.18,,2.5039,,.032,3.668,1.986,.177,,,
13/05/12 08:35,A,525,21.0209,40.7388,199.35,8.17,,,.039,3.569,1.984,.177,,,
13/05/12 08:35,A,550,21.0238,40.7404,198.24,8.162,2.5072,,.038,3.453,1.93,.167,,,
13/05/12 08:35,A,575,21.0278,40.7407,199.57,8.161,,,.023,3.426,1.941,.168,,,
13/05/12 08:35,A,600,21.0313,40.7419,200.05,8.165,,,.032,3.381,1.954,.178,,,
13/05/12 08:35,A,625,21.0356,40.7424,200.02,8.166,2.5059,,.036,3.456,1.953,.16,,,
13/05/12 08:35,A,650,21.0394,40.7431,198.2,8.156,,,.032,3.484,2.057,.168,,,
13/05/12 08:35,A,675,21.0428,40.744,200.32,8.166,,,.032,3.402,2.105,.161,,,
13/05/12 08:35,A,700,21.0453,40.7456,200.72,8.164,2.5041,,.017,3.388,2.158,.163,,,
13/05/12 08:35,A,717,21.0486,40.7455,197.19,8.163,2.5061,,.022,3.356,2.157,.165,,,
02/08/12 07:05,A,100,21.2674,40.7591,207.03,8.165,2.5083,53.03,.156,1.662,1.045,.094,.132,,
02/08/12 07:05,A,120,21.269,40.7591,207.71,8.166,,33.69,.143,1.667,1.04,.092,.132,,
02/08/12 07:05,A,140,21.2772,40.7585,207.85,8.167,,21.03,.162,1.62,.982,.093,.135,,33
02/08/12 07:05,A,160,21.2802,40.7584,207.43,8.168,,21.53,.162,1.605,1.053,.097,.13,,
02/08/12 07:05,A,180,21.2854,40.7582,208.1,8.164,,27.92,.162,1.636,1.039,.091,.128,,
02/08/12 07:05,A,200,21.2875,40.7581,208,8.168,2.5073,21.12,.148,1.744,1.075,.085,.126,,41
02/08/12 07:05,A,250,21.2973,40.7585,207.75,8.171,,20.72,.148,1.653,1.039,.094,.121,,
02/08/12 07:05,A,300,21.306,40.7586,207.59,8.167,2.5094,17.99,.157,1.705,1.055,.092,.127,,
02/08/12 07:05,A,350,21.3123,40.7588,208.41,8.169,,27.77,.153,1.678,1.03,.092,.135,,
02/08/12 07:05,A,400,21.322,40.7582,208.12,8.169,2.5101,28.67,.162,1.644,1.062,.095,.131,,34
02/08/12 09:05,A,0,21.2314,40.7613,207.55,8.162,2.5099,14.17,.163,1.641,1.082,.106,.133,,35
02/08/12 09:05,A,20,21.2392,40.7602,207.81,8.169,2.5048,11.44,.153,1.724,1.067,.096,.133,,34
02/08/12 09:05,A,40,21.2557,40.7596,207.57,8.169,2.5086,13.21,.156,1.688,1.061,.094,.133,,29
02/08/12 09:05,A,60,21.2593,40.7597,208.37,8.168,2.5068,14.39,.166,1.673,1.049,.095,.136,,29
02/08/12 09:05,A,80,21.262,40.7594,208.19,8.169,2.5087,101.95,.159,1.712,1.053,.1,.132,,36
02/08/12 10:02,A,450,21.3316,40.7578,208.16,8.171,,43.42,.162,1.686,1.039,.094,.143,,
02/08/12 10:02,A,500,21.3422,40.7578,207.76,8.167,2.506,17.11,.159,1.704,1.093,.092,.131,,
02/08/12 10:02,A,525,21.3449,40.7576,208.62,8.17,,,.167,1.636,1.033,.089,.133,,
02/08/12 10:02,A,550,21.3515,40.7578,208.36,8.17,,10.97,.159,1.683,1.068,.086,.128,,
02/08/12 10:02,A,575,21.3518,40.7568,207.37,8.17,,,.158,1.716,1.053,.09,.128,,
02/08/12 10:02,A,600,21.358,40.757,207.08,8.167,2.507,6.59,.158,1.725,1.075,.092,.128,,30
02/08/12 10:02,A,625,21.3325,40.7727,207.52,8.16,,,.152,2.272,1.345,.116,.119,,
02/08/12 10:02,A,650,21.1016,40.7203,177.59,8.134,,10,.049,5.173,2.758,.261,0,,
02/08/12 10:02,A,675,21.0564,40.7181,172.68,8.13,,,.026,5.588,3.078,.296,0,,
02/08/12 10:02,A,700,21.0515,40.7185,167.45,8.128,2.4944,11.7,.021,5.605,3.152,.306,0,,13
02/08/12 10:02,A,720,21.0475,40.7193,167.6,8.137,2.494,20.9,.027,5.686,3.263,.307,0,,19
13/08/12 06:46,A,80,24.4092,40.5704,210.55,8.203,2.5053,55.91,.013,.038,.522,.002,.492,,76
13/08/12 06:46,A,100,23.7474,40.5871,203.11,8.181,2.5049,9.33,.118,.531,.506,.039,.261,,35
13/08/12 06:46,A,120,22.9864,40.588,196.82,8.153,,42.7,.04,1.622,.537,.085,.07,,
13/08/12 06:46,A,140,22.4865,40.6123,195.09,8.157,,33.14,.02,2.156,.549,.118,0,,31
13/08/12 06:46,A,160,22.071,40.6415,193.45,8.16,,19.73,.012,2.326,.643,.13,0,,
13/08/12 06:46,A,180,21.5473,40.6871,193.13,8.14,,41.16,.012,2.856,.983,.135,0,,
13/08/12 06:46,A,200,21.3182,40.7014,190.64,8.138,2.5068,37.14,.011,3.45,1.336,.207,,,37
13/08/12 06:46,A,250,21.0375,40.7151,187.17,8.123,,64.34,.005,4.131,1.812,.278,,,
13/08/12 06:46,A,300,21.0024,40.7222,187.18,8.131,2.5038,41.96,.017,4.23,2.086,.282,,,
13/08/12 06:46,A,350,20.9994,40.7264,189.46,8.154,,66.57,.013,4.245,2.128,.268,,,
13/08/12 06:46,A,400,21.004,40.7287,189.23,8.149,2.5058,46.51,.013,4.231,2.127,.28,,,28
13/08/12 08:03,A,0,28.1834,40.8125,204.82,8.22,2.5117,45.63,.022,.003,.57,.011,.057,,55
13/08/12 08:03,A,20,27.8259,40.795,207.29,8.199,2.5109,34.61,.003,.013,.575,.029,.091,,44
13/08/12 08:03,A,40,26.0416,40.5594,215.06,8.208,2.5022,35.64,0,.012,.564,.021,.209,,47
13/08/12 08:03,A,60,25.289,40.5515,214.05,8.207,2.5026,73.16,.013,0,.55,.03,.351,,51
13/08/12 09:11,A,450,21.0093,40.7318,189.62,8.135,,239.52,.001,4.202,2.154,.266,,,
13/08/12 09:11,A,500,21.018,40.7335,191.38,8.145,2.5073,71.35,.013,4.084,2.141,.282,,,
13/08/12 09:11,A,525,21.022,40.734,191.59,8.146,,,.013,4.188,2.175,.279,,,
13/08/12 09:11,A,550,21.0264,40.7344,191.32,8.141,,63.14,.012,4.08,2.181,.261,,,
13/08/12 09:11,A,575,21.0311,40.735,191.63,8.14,,,.013,4.042,2.237,.264,,,
13/08/12 09:11,A,600,21.0344,40.7367,193.43,8.145,2.5091,34.81,.017,3.923,2.175,.271,,,22
13/08/12 09:11,A,625,21.0392,40.737,193.28,8.154,,,.017,3.874,2.17,.259,,,
13/08/12 09:11,A,650,21.043,40.738,194.52,8.141,,16.3,.01,3.842,2.17,.267,,,
13/08/12 09:11,A,675,21.0478,40.738,193.4,,,,.01,3.861,2.192,.26,,,
13/08/12 09:11,A,701,21.0519,40.7389,194.81,8.146,2.5015,29.47,.016,3.888,2.204,.261,,,21
13/08/12 09:11,A,720,21.056,40.7386,193.65,8.142,2.5118,59.23,.016,3.978,2.227,.245,,,20
06/10/12 07:24,A,100,22.2056,40.6315,202.09,8.178,2.5018,33.49,.244,1.396,.482,.091,.032,,53
06/10/12 07:24,A,120,21.7613,40.6755,198.96,8.164,,96.72,.032,1.576,.613,.092,0,,
06/10/12 07:24,A,140,21.4516,40.7171,198.48,8.169,,31.99,.033,1.773,.835,.115,0,,37
06/10/12 07:24,A,160,21.22,40.7088,195.89,8.15,,24.11,.033,2.721,1.259,.149,0,,
06/10/12 07:24,A,180,21.1021,40.7133,195.16,8.153,,24.01,.045,3.307,1.556,.184,0,,
06/10/12 07:24,A,200,21.0347,40.7146,192.43,8.154,2.5043,40.87,.042,3.918,1.826,.216,,,56
06/10/12 07:24,A,250,20.9927,40.7227,190.68,8.148,,,.031,4.138,2.058,.226,,,
06/10/12 07:24,A,300,20.991,40.7261,189.66,8.15,2.5049,,.02,3.969,2.093,.214,,,
06/10/12 07:24,A,350,20.9947,40.73,191.26,8.149,,26.19,.047,3.913,2.112,.232,,,
06/10/12 07:24,A,400,21.0015,40.7323,192.8,8.149,2.5032,38.81,.028,4.01,2.126,.22,,,25
06/10/12 07:24,A,450,21.0099,40.7339,195.66,8.163,,,.018,3.931,2.123,.216,,,
06/10/12 08:36,A,0,23.9189,40.6918,213.19,8.199,2.5097,27.03,.043,.016,.399,.028,.145,,41
06/10/12 08:36,A,20,23.8018,40.6909,213.8,8.196,2.5069,25.1,.004,.025,.406,.041,.166,,53
06/10/12 08:36,A,40,23.4536,40.6325,213.75,8.193,2.5029,41.1,.077,.01,.431,.037,.43,,62
06/10/12 08:36,A,60,23.0223,40.6092,206.71,8.186,2.5006,87.34,.538,.163,.459,.039,.459,,43
06/10/12 08:36,A,80,22.8385,40.6178,210.95,8.183,2.5015,55.38,.513,.684,.445,.081,.289,,61
06/10/12 09:44,A,500,21.0183,40.7347,193.74,8.144,2.5039,87.18,.036,3.841,2.109,.225,,,
06/10/12 09:44,A,525,21.0214,40.7354,193.34,8.139,,,.033,3.964,2.11,.217,,,
06/10/12 09:44,A,550,21.0265,40.7364,194.41,8.138,,23.09,.032,3.813,2.063,.199,,,
06/10/12 09:44,A,575,21.0298,40.7386,195.32,8.143,,,.039,3.594,2.016,.2,,,
06/10/12 09:44,A,600,21.0333,40.74,195.48,8.156,2.5069,,.032,3.498,2.034,.198,,,22
06/10/12 09:44,A,625,21.0365,40.7409,194.89,,,,.053,3.49,2.103,.199,,,
06/10/12 09:44,A,650,21.0406,40.7417,197.34,8.147,,46.19,.059,3.535,2.117,.209,,,
06/10/12 09:44,A,675,21.0444,40.7424,195.49,8.155,,,.046,3.369,2.131,.201,,,
06/10/12 09:44,A,700,21.048,40.7436,196.92,8.151,2.5061,,.043,3.435,2.139,.203,,,25
06/10/12 09:44,A,720,21.0466,40.7466,198.55,8.15,2.5055,26.34,.047,3.335,2.227,.187,,,52
29/10/12 11:15,A,80,25.7051,40.7904,202.02,8.189,2.5111,25.29,.024,.273,.591,.019,.243,,49
29/10/12 11:15,A,100,24.1912,40.5964,196.51,8.174,2.5015,29.05,.018,1.152,.595,.039,.087,,31
29/10/12 11:15,A,120,23.2453,40.5745,191.94,8.159,,28.74,.007,2.18,.647,.064,.02,,31
29/10/12 11:15,A,140,22.6863,40.6038,191.15,8.152,,36.08,.016,2.823,.682,.111,0,,
29/10/12 11:15,A,160,22.2679,40.6122,189.34,8.144,,31.4,.009,3.168,.769,.143,0,,
29/10/12 11:15,A,180,21.9319,40.6631,188.66,8.138,,30.91,.016,3.33,.924,.149,,,
29/10/12 11:15,A,200,21.6136,40.676,186.15,8.136,2.5031,19.71,.017,4.042,1.195,.196,,,28
29/10/12 11:15,A,250,21.0492,40.7179,185.32,8.129,,93.02,.013,4.933,1.885,.272,,,
29/10/12 11:15,A,300,21.0021,40.7237,183.95,8.128,2.5023,27.09,.012,4.912,2.052,.293,,,
29/10/12 11:15,A,350,21.0014,40.7275,184.99,8.128,,29.64,.017,5.026,2.123,.277,,,
29/10/12 11:15,A,400,21.0043,40.7308,184.75,8.129,2.5039,,.007,4.976,2.169,.287,,,23
29/10/12 12:30,A,0,26.2105,40.8269,204.38,8.189,2.5108,28.06,.055,.01,.552,.022,.257,,55
29/10/12 12:30,A,20,26.0286,40.8196,204.56,8.192,2.5076,26.57,.047,.019,.568,.009,.298,,37
29/10/12 12:30,A,40,25.9688,40.8153,203.6,8.193,2.51,30.01,.069,.003,.565,.006,.367,,35
29/10/12 12:30,A,60,25.9291,40.811,202.77,,2.5117,20.95,.04,.244,.563,.002,.409,,35
29/10/12 13:30,A,450,21.0103,40.7329,187.88,8.129,,17.55,.007,4.77,2.149,.266,,,
29/10/12 13:30,A,500,21.0173,40.7346,191.14,8.132,2.5048,,.013,4.564,2.131,.264,,,
29/10/12 13:30,A,525,21.0217,40.7348,191.26,8.133,,,.011,4.379,2.099,.269,,,
29/10/12 13:30,A,550,21.0254,40.7356,191.28,8.137,,12.17,.004,4.412,2.086,.259,,,
29/10/12 13:30,A,575,21.0298,40.7359,192.16,8.135,,,.004,4.189,2.078,.259,,,
29/10/12 13:30,A,600,21.0344,40.7367,190.75,8.136,2.5053,28.35,.008,4.122,2.116,.265,,,15
29/10/12 13:30,A,625,21.0386,40.7374,191.41,8.135,,,.017,4.139,2.137,.249,,,
29/10/12 13:30,A,650,21.0422,40.7383,191.92,8.136,,40.29,.007,4.086,2.068,.253,,,
29/10/12 13:30,A,675,21.0465,40.7393,192.34,8.138,,,.001,4.154,2.086,.247,,,
29/10/12 13:30,A,700,21.0511,40.7399,192.41,8.135,2.5069,50.32,.014,4.072,2.144,.241,,,18
29/10/12 13:30,A,720,21.0554,40.7399,193.41,8.133,2.5077,63.06,.019,3.945,2.159,.25,,,21
09/11/12 11:05,A,0,27.1669,40.7837,204.34,8.193,2.5096,,.015,.026,.601,.053,.059,,40
09/11/12 11:05,A,20,26.3572,40.6932,207.79,8.192,2.5025,31.61,.017,.026,.599,.048,.124,,37
09/11/12 11:05,A,40,25.9744,40.6512,208.7,,2.5004,44.92,.031,.011,.607,.049,.168,,37
09/11/12 11:05,A,60,24.8274,40.5562,207.86,8.182,2.4985,,.361,.017,.566,.054,.427,,34
09/11/12 11:05,A,80,23.8843,40.5746,198.07,8.177,2.4988,50.54,.164,.643,.477,.078,.278,,71
09/11/12 11:05,A,100,23.2943,40.5792,193.95,8.164,2.4971,14.51,.086,1.662,.626,.109,.109,,25
09/11/12 11:05,A,120,22.6632,40.5831,188.96,8.165,,87.06,.056,2.32,.704,.137,.023,,
09/11/12 11:05,A,140,22.3696,40.6066,191.2,8.155,,261.07,.042,2.451,.714,.154,0,,22
09/11/12 11:05,A,160,22.1273,40.6291,189.85,8.164,,,.033,2.582,.73,.159,0,,
09/11/12 11:05,A,180,21.8622,40.654,190.56,8.178,,122.74,.024,2.76,.825,.172,0,,
09/11/12 11:05,A,200,21.5726,40.6833,189.56,8.152,2.5042,,.034,3.054,.936,.193,0,,26
09/11/12 12:15,A,250,21.065,40.72,186.04,8.12,,102.32,.018,4.457,1.819,.274,,,
09/11/12 12:15,A,300,21.0102,40.7218,186.09,8.123,2.5049,,.018,4.752,2.048,.291,,,
09/11/12 12:15,A,350,21.0007,40.7267,186.22,8.123,,32.02,.016,4.693,2.091,.295,,,
09/11/12 12:15,A,400,21.0041,40.7297,183.7,8.13,2.5105,21.02,.016,4.541,2.117,.288,,,16
09/11/12 12:15,A,450,21.0109,40.7312,189.42,8.125,,25.58,.037,4.448,2.099,.27,,,
09/11/12 12:15,A,500,21.0178,40.7332,188.98,8.142,2.5025,43.33,.022,4.343,2.123,.263,,,
09/11/12 12:15,A,550,21.0265,40.7342,190.44,,,23.59,.021,4.29,2.119,.256,,,
09/11/12 12:15,A,600,21.0349,40.7355,191.41,,2.5063,,0,4.184,2.067,.243,,,20
09/11/12 12:15,A,650,21.044,40.7365,194.63,,,57.08,.008,3.967,2.198,.247,,,
09/11/12 12:15,A,700,21.0527,40.738,193.92,8.137,2.5092,23.14,.009,4.037,2.17,.249,,,22
09/11/12 12:15,A,750,21.0619,40.7401,193.99,8.139,2.5104,35.69,.014,3.977,2.176,.233,,,16
12/11/12 10:21,A,100,24.3375,40.8455,201.45,8.17,2.5078,37.94,.175,.223,.518,.038,.292,,32
12/11/12 10:21,A,120,24.3351,40.8446,201.54,8.173,,17.29,.176,.272,.517,.041,.284,,
12/11/12 10:21,A,140,24.3303,40.8441,202.02,8.184,,20.73,.212,.189,.521,.036,.304,,33
12/11/12 10:21,A,160,24.3072,40.8417,203.68,8.176,,20.32,.202,.251,.526,.034,.308,,
12/11/12 10:21,A,180,23.1173,40.7557,192.75,8.162,,18.34,.15,1.649,.705,.094,.1,,
12/11/12 10:21,A,200,22.0678,40.6394,186.97,8.137,2.502,6.64,.063,2.974,.879,.136,0,,32
12/11/12 10:21,A,250,21.1084,40.7051,183.55,8.119,,.95,.042,4.545,1.842,.232,,,
12/11/12 10:21,A,300,21.003,40.7262,184.11,8.118,2.5036,10.38,.053,4.686,2.108,.237,,,
12/11/12 10:21,A,350,20.999,40.7296,183.78,8.115,,44.53,.063,4.607,2.161,.247,,,
12/11/12 10:21,A,400,21.0085,40.7333,185.96,8.122,2.5011,81.09,.053,4.508,2.14,.236,,,18
12/11/12 11:35,A,0,24.3396,40.8479,203.21,8.169,2.5116,4.12,.106,.198,.515,.038,.351,,35
12/11/12 11:35,A,20,24.3347,40.8466,202.28,8.17,2.5101,3.73,.206,.131,.521,.037,.36,,34
12/11/12 11:35,A,40,24.334,40.8458,202.77,8.168,2.5119,22.84,.216,.151,.519,.037,.339,,57
12/11/12 11:35,A,60,24.3351,40.8458,201.38,8.17,2.5148,8.12,.203,.168,.512,.038,.316,,35
12/11/12 11:35,A,80,24.3325,40.8452,201.73,8.168,2.5109,,.193,.199,.526,.042,.302,,44
12/11/12 12:30,A,450,21.0156,40.735,187.09,8.125,,21.53,.053,4.369,2.116,.244,,,
12/11/12 12:30,A,500,21.0195,40.7359,189.95,8.129,2.5039,25.52,.046,4.296,2.063,.23,,,
12/11/12 12:30,A,525,21.0241,40.7362,191.5,8.129,,,.035,4.353,2.031,.221,,,
12/11/12 12:30,A,550,21.0287,40.7367,189.97,8.13,,32.73,.033,4.259,2.032,.227,,,
12/11/12 12:30,A,575,21.0333,40.7372,192.4,8.13,,,.035,4.159,2.076,.226,,,
12/11/12 12:30,A,600,21.0381,40.7371,189.56,8.132,2.5032,29.97,.046,4.17,2.084,.224,,,25
12/11/12 12:30,A,625,21.0425,40.7379,190.31,8.143,,,.047,4.134,2.065,.224,,,
12/11/12 12:30,A,650,21.0468,40.739,192.43,8.137,,5.27,.052,4.009,2.05,.221,,,
12/11/12 12:30,A,675,21.0469,40.7387,192.51,8.133,,,.044,4.068,2.085,.223,,,
12/11/12 12:30,A,700,21.0515,40.7393,190.89,8.135,2.5056,26.58,.054,3.95,2.275,.228,,,21
12/11/12 12:30,A,722,21.0563,40.7401,195.13,8.142,2.5062,25.96,.064,3.309,1.658,.186,,,18
20/11/12 07:17,A,100,25.439,40.8256,200.56,8.189,2.5114,29.05,.043,.007,.637,.048,.345,,32
20/11/12 07:17,A,120,25.4369,40.8196,196.08,8.175,,21.54,.056,.551,.677,.064,.186,,
20/11/12 07:17,A,140,23.126,40.5896,186.89,8.168,,21.28,.035,1.915,.771,.113,0,,33
20/11/12 07:17,A,160,22.6883,40.5889,186.62,8.156,,13.52,.023,2.422,.822,.127,0,,
20/11/12 07:17,A,180,22.3181,40.6117,186.78,8.147,,9.29,.022,3.33,.918,.149,0,,
20/11/12 07:17,A,200,21.8407,40.6554,186.12,8.149,2.5015,14.68,.025,3.51,1.133,.179,0,,25
20/11/12 07:17,A,250,21.0806,40.7174,183.56,8.126,,23.24,.021,4.773,1.946,.235,,,
20/11/12 07:17,A,300,21.0037,40.7272,182.11,8.132,2.5036,31.96,.014,4.867,2.213,.248,,,
20/11/12 07:17,A,350,20.9996,40.7295,183.25,8.121,,136.98,.014,4.815,2.233,.246,,,
20/11/12 07:17,A,400,21.0031,40.7315,185.81,8.13,2.502,113.5,.014,4.66,2.229,.237,,,27
20/11/12 08:27,A,0,25.4204,40.8231,198.15,8.185,2.5084,23.67,.04,.008,.644,.05,.336,,29
20/11/12 08:27,A,20,25.4212,40.8236,199.66,8.186,2.5115,23.42,.037,.001,.63,.049,.307,,34
20/11/12 08:27,A,40,25.4263,40.822,199.42,8.186,2.5066,27.01,.04,.008,.636,.048,.318,,83
20/11/12 08:27,A,60,25.4304,40.8228,199.54,8.192,2.5065,24.96,.049,.001,.629,.046,.33,,30
20/11/12 08:27,A,80,25.4326,40.8216,199.77,8.192,2.5097,50.92,.048,.001,.636,.046,.298,,31
20/11/12 09:25,A,450,21.0104,40.7333,185.29,8.131,,20.62,.013,4.535,2.27,.239,,,
20/11/12 09:25,A,500,21.0173,40.7345,185.74,8.131,2.5011,19.26,.013,4.519,2.201,.229,,,
20/11/12 09:25,A,525,21.0209,40.7354,187.3,8.133,,,.021,4.332,2.185,.223,,,
20/11/12 09:25,A,550,21.0254,40.7358,189.05,8.132,,16.64,.018,4.263,2.176,.222,,,
20/11/12 09:25,A,575,21.0297,40.736,189.4,8.134,,,.003,4.215,2.179,.226,,,
20/11/12 09:25,A,600,21.0336,40.7371,189.44,8.132,2.5016,24.9,.003,4.366,2.162,.218,,,15
20/11/12 09:25,A,625,21.0382,40.7377,190.76,8.132,,,.003,4.317,2.152,.211,,,
20/11/12 09:25,A,650,21.0423,40.7383,190.54,8.138,,15.48,.015,4.202,2.174,.206,,,
20/11/12 09:25,A,675,21.0469,40.7393,189.86,8.132,,,.011,4.234,2.203,.217,,,
20/11/12 09:25,A,700,21.0518,40.7396,190.54,8.134,2.5067,24.16,.027,4.222,2.249,.218,,,16
20/11/12 09:25,A,715,21.0546,40.7401,192.56,8.137,2.5053,,.012,4.58,2.016,.248,,,14
